2444
4316
4479
6090
7431
13927
17411
17428
17437
18148
27264
27387
27390
27391
27519
27647
28672
28673
28680
28688
28696
28704
28712
28720
28728
28736
28744
28752
28760
28768
28776
28784
28792
28800
28801
28808
28816
28824
28832
28840
28848
28856
28864
28872
28880
28888
28896
28904
28912
28920
34048
34304
35192
35963
36091
36095
43912
46957
46961
50107
52480
53884
53887
54016
54140
54272
54396
54397
54399
54524
54525
54526
54527
54781
55292
55293
55294
55295
55552
55808
57088
57344
57472
58377
58624
58880
59008
59009
59016
59024
59032
59040
59048
59056
59064
59072
59080
59088
59096
59104
59112
59120
59128
59520
60160
60416
60544
61056
61696
61952
62080
63232
63488
64128
64768
66304
69376
69632
70783
70912
72319
72448
72704
73984
74240
74380
74880
75776
77056
77312
77440
78592
78848
78976
79488
79637
80128
80384
80512
81664
81920
82048
82560
83200
83456
84736
84992
85632
86272
86528
87168
87808
88064
88192
88704
89344
89600
89728
90880
91136
91264
92416
93245
97024
98560
98816
99307
100096
100352
101632
101888
102705
104704
105349
106496
107776
107953
108032
108832
7066
7469
13983
14080
14336
17606
17614
18944
19730
27388
27389
32512
33787
34427
34683
34555
35067
35195
35323
35451
35579
35707
35835
36077
41599
47872
48128
52736
52860
52991
53500
53501
53503
53628
53631
53756
53759
53885
53886
54012
54141
54143
54268
54269
54398
54652
54782
54783
54908
54909
54911
55036
55037
55039
55165
55167
55936
58434
62917
63103
63616
68096
69247
67840
70272
72191
72959
73599
73727
74240
74368
75520
75904
76416
79744
89036
97280
99277
99278
101555
102656
103083
103424
104491
104509
104619
104621
109112
109312
109568
1853
1875
1897
6845
6867
6889
28733
28755
28777
28861
28883
28905
59069
59091
59113
37949
37971
37993
66365
66387
66409
1597
1619
1641
25789
25811
25833
28733
84669
84691
84713
2109
2131
2153
7485
7507
7529
1792
7613
7635
7657
92349
92371
92393
67517
67539
67561
5309
5331
5353
71997
72019
72041
6717
6739
6761
1725
1747
1769
106045
106067
106089
5053
5075
5097
